[on facebook]
{1029, 1867, 1684, 1620, 2007, 1563, 1509, 1125, 1447, 1128, 1577, 107, 1132, 3437, 2543, 1334, 1912, 1465, 637, 1598}
average influence spread: 549.99
average time: 106.15558886528015
memory cost: 17960960.0
Complete!


{1536, 0, 2560, 1029, 2567, 2058, 1547, 526, 1551, 1040, 2062, 1554, 1557, 2072, 1563, 2589, 1054, 2081, 1570, 2042, 2598, 2086, 2087, 1577, 2602, 1535, 1074, 563, 1589, 1078, 2616, 1083, 1086, 1598, 1604, 1092, 2117, 1605, 1610, 2559, 1614, 1617, 1619, 2132, 1110, 1622, 2652, 1117, 606, 1637, 2149, 1128, 107, 1132, 1653, 1659, 637, 1149, 1663, 2176, 1665, 1153, 641, 1668, 1163, 2189, 1683, 1684, 1175, 1688, 1689, 2199, 2200, 1180, 1181, 1182, 2210, 1195, 1707, 1199, 1712, 2223, 1201, 1205, 1718, 1207, 2232, 1722, 1214, 1730, 1222, 1736, 1746, 1750, 1238, 1752, 1242, 1250, 1255, 1768, 1772, 2292, 1271, 1789, 1794, 1795, 1800, 1290, 1804, 1811, 1305, 1819, 2333, 2336, 1827, 2343, 2344, 1833, 1835, 2347, 1839, 2351, 1330, 1331, 1845, 1849, 1344, 1861, 1352, 1864, 1867, 1868, 1358, 1359, 2384, 1361, 1367, 1369, 1370, 348, 1886, 2398, 1376, 1377, 353, 2407, 1898, 3437, 1902, 1391, 366, 2417, 1399, 1912, 1402, 1405, 897, 1409, 2436, 1416, 2446, 1427, 916, 917, 1941, 921, 1437, 414, 927, 2461, 1954, 2468, 2471, 1457, 1467, 1470, 1471, 1473, 1985, 966, 967, 2504, 1483, 978, 1491, 980, 983, 2010, 475, 483, 1509, 2536, 2026, 1516, 2028, 1520, 1524, 1017, 1530, 2047}
average influence spread: 1799.39
average time: 4604.29101228714
memory cost: -147398656.0
Complete!